maxpsnr:29.425484243413045,minpsnr:18.96974580002483,maxssim:0.9214156363905248,minssim:0.6132921328704971
avgpsnr:24.620450959984343,avgssim:0.8333514649551226
fxpsnr:9.660275722661462,fxssim:0.0039541509218342565

maxpsnr:30.722324730932268,minpsnr:18.45986531573677,maxssim:0.9314940299757271,minssim:0.5820885423095156
avgpsnr:24.846498939828084,avgssim:0.8367942634830716
fxpsnr:9.63042326892348,fxssim:0.004232075896458521

maxpsnr:29.972739266188157,minpsnr:17.917437963214706,maxssim:0.9325212448786396,minssim:0.6026092536496761
avgpsnr:24.13897437791067,avgssim:0.8366459754341482
fxpsnr:9.321460457124042,fxssim:0.003925669389997262
